FixStart	FixEnd	FixDur	XPos	YPos	FlankedByDataLoss	Fraction Interpolated	WeightCutoff	RMSxy	BCEA	FixRangeX	FixRangeY	Participant	Trial
4905.803	5449.108	546.656	1469.536	873.839	0.000	0.006	0.999	0.983	4.105	4.880	4.008	Infant100	data
5485.728	5715.729	233.362	1073.273	479.423	0.000	0.000	0.999	0.815	1.259	1.714	3.053	Infant100	data
5742.384	6035.657	296.622	928.059	477.420	0.000	0.000	0.999	0.946	1.598	2.627	2.492	Infant100	data
6045.650	6572.263	529.971	882.627	476.751	0.000	0.006	0.999	1.096	2.479	4.170	2.979	Infant100	data
6595.573	6905.532	313.303	728.534	508.934	0.000	0.000	0.999	1.235	2.676	4.106	3.917	Infant100	data
6925.561	7462.140	539.857	693.214	497.198	0.000	0.000	0.999	0.907	1.414	2.327	3.187	Infant100	data
7505.482	8161.989	659.862	1366.105	765.569	0.000	0.111	0.999	2.043	7.541	13.064	8.411	Infant100	data
8185.275	9591.653	1409.726	1441.559	847.085	0.000	0.116	0.999	1.210	3.248	4.030	5.944	Infant100	data
9634.978	10531.474	899.840	972.489	461.103	0.000	0.033	0.999	0.919	1.541	3.308	4.113	Infant100	data
10558.209	10754.832	199.884	893.527	456.168	0.000	0.033	0.999	0.868	1.078	2.190	1.845	Infant100	data
10784.847	10948.113	166.625	785.855	438.948	0.000	0.000	0.999	0.759	1.029	1.819	2.713	Infant100	data
10971.399	11418.008	449.944	865.706	389.189	0.000	0.015	0.999	0.744	1.126	1.971	2.979	Infant100	data
11458.043	12904.469	1449.785	1430.191	838.791	1.000	0.085	0.999	1.100	3.013	4.759	5.233	Infant100	data
12944.446	13627.636	686.536	1445.476	849.622	1.000	0.112	0.999	1.223	3.345	3.803	6.662	Infant100	data
13674.315	14654.159	983.198	970.192	460.326	0.000	0.020	0.999	0.992	2.089	4.128	4.098	Infant100	data
14677.536	14814.153	139.973	873.634	450.208	0.000	0.000	0.999	0.598	0.671	1.684	1.392	Infant100	data
14830.840	15500.693	673.219	907.669	399.980	1.000	0.025	0.999	0.714	1.125	3.032	2.841	Infant100	data
15580.773	15790.714	213.224	1533.280	918.284	0.000	0.000	0.999	0.789	1.391	1.862	3.848	Infant100	data
15814.018	17727.080	1916.420	1453.832	862.000	0.000	0.003	0.999	1.068	3.112	3.358	6.712	Infant100	data
17770.419	18620.333	853.184	972.533	480.812	0.000	0.000	0.999	0.907	1.759	3.223	3.306	Infant100	data
18646.994	18963.562	319.921	1003.326	430.094	1.000	0.021	0.999	1.045	2.173	2.807	3.401	Infant100	data
18993.570	19196.839	206.612	1422.065	956.162	0.000	0.000	0.999	0.914	1.901	2.656	4.126	Infant100	data
19220.206	21669.844	2452.890	1435.237	853.799	0.000	0.005	0.999	1.198	3.313	6.038	6.845	Infant100	data
21713.178	22579.664	869.842	994.001	448.118	0.000	0.000	0.999	0.857	1.276	2.222	3.522	Infant100	data
22623.001	25432.576	2812.948	1444.785	844.065	0.000	0.014	0.999	1.050	3.137	7.023	7.259	Infant100	data
25472.593	25805.925	336.622	1047.262	468.032	0.000	0.020	0.999	1.103	2.747	2.817	4.557	Infant100	data
25832.590	26692.502	863.183	931.360	478.999	0.000	0.027	0.999	1.161	2.914	3.773	4.233	Infant100	data
26729.110	28688.911	1963.166	1449.344	830.089	1.000	0.042	0.999	1.084	2.905	6.050	5.229	Infant100	data
28708.870	29048.825	343.304	1449.760	875.464	0.000	0.049	0.999	1.468	4.420	5.031	5.800	Infant100	data
29085.544	29295.505	213.205	1062.672	474.798	1.000	0.219	0.999	1.323	3.065	3.178	2.795	Infant100	data
29322.152	29622.065	303.238	910.615	462.295	1.000	0.132	0.999	0.929	1.613	3.193	2.366	Infant100	data
29732.109	30611.927	883.175	911.732	460.781	1.000	0.004	0.999	0.863	1.573	2.840	3.506	Infant100	data
30645.291	31171.829	529.888	562.968	509.915	0.000	0.000	0.999	0.596	0.814	2.023	1.755	Infant100	data
31225.140	31478.434	256.643	1270.847	858.572	0.000	0.208	0.999	1.540	4.701	2.064	6.693	Infant100	data
31505.182	33054.869	1553.020	1455.682	849.720	0.000	0.024	0.999	1.046	2.455	2.985	5.839	Infant100	data
33098.182	33328.195	233.370	1023.191	458.575	0.000	0.000	0.999	0.836	1.374	2.031	2.575	Infant100	data
33351.506	33678.132	329.980	922.401	464.384	0.000	0.020	0.999	1.062	1.944	2.577	3.642	Infant100	data
33694.814	34571.399	879.842	888.571	428.813	0.000	0.023	0.999	0.995	2.667	3.043	3.809	Infant100	data
34587.970	34897.933	313.327	996.078	398.966	0.000	0.043	0.999	0.972	1.840	2.824	3.368	Infant100	data
34934.662	35177.995	246.600	1404.115	864.701	0.000	0.027	0.999	0.836	1.944	1.998	3.872	Infant100	data
35194.582	37397.672	2206.450	1453.990	847.591	0.000	0.018	0.999	1.212	3.143	3.097	8.715	Infant100	data
37444.269	37654.242	213.328	1101.763	484.649	0.000	0.047	0.999	0.991	2.140	2.760	3.691	Infant100	data
37677.623	38180.866	506.598	960.339	450.931	0.000	0.007	0.999	0.883	1.545	2.934	3.722	Infant100	data
46076.353	46272.978	199.992	842.196	852.379	1.000	0.050	0.999	1.997	6.120	2.503	7.322	Infant100	data
46302.996	46712.951	413.314	946.040	554.440	0.000	0.000	0.999	0.742	1.333	2.393	3.702	Infant100	data
46756.274	46942.953	189.942	1444.219	938.464	0.000	0.000	0.999	0.805	1.658	2.138	2.645	Infant100	data
46959.523	47339.487	383.304	1491.556	904.056	0.000	0.000	0.999	0.915	1.262	1.777	3.679	Infant100	data
47389.530	47852.786	466.614	1048.769	498.322	1.000	0.100	0.999	0.862	1.699	3.014	3.737	Infant100	data
47892.758	48222.760	333.252	1518.001	874.598	0.000	0.000	0.999	0.819	1.013	1.461	3.822	Infant100	data
48232.716	48435.973	206.609	1496.983	896.461	0.000	0.000	0.999	0.871	1.022	1.281	3.446	Infant100	data
48489.375	49379.177	893.152	1026.178	483.294	0.000	0.011	0.999	0.719	1.257	2.352	3.938	Infant100	data
49415.896	49622.503	209.961	1437.682	829.410	0.000	0.000	0.999	0.638	1.185	2.021	3.029	Infant100	data
49645.783	50109.069	466.633	1515.820	922.567	0.000	0.000	0.999	0.616	0.531	1.394	2.845	Infant100	data
50135.808	50345.768	213.327	1424.158	782.028	0.000	0.000	0.999	0.583	0.874	1.026	2.615	Infant100	data
50362.369	50479.013	120.005	1461.320	841.463	0.000	0.000	0.999	0.674	0.710	0.872	2.618	Infant100	data
50532.344	50745.665	216.649	677.649	371.831	0.000	0.000	0.999	0.482	0.493	1.345	1.463	Infant100	data
50779.014	51282.253	506.599	401.102	227.683	0.000	0.000	0.999	0.340	0.372	1.319	1.124	Infant100	data
51298.937	52202.155	906.494	367.417	249.862	0.000	0.000	0.999	0.425	0.496	1.546	2.415	Infant100	data
52238.772	52628.757	393.257	839.513	442.456	0.000	0.008	0.999	0.938	1.708	2.950	3.552	Infant100	data
52652.051	53171.965	523.274	910.219	473.790	0.000	0.000	0.999	0.793	1.214	2.054	3.748	Infant100	data
53211.941	53651.915	443.327	1453.808	876.109	0.000	0.008	0.999	1.039	2.210	2.532	4.789	Infant100	data
53668.593	54291.874	626.526	1473.299	899.645	0.000	0.000	0.999	0.912	1.905	4.391	3.611	Infant100	data
54365.104	54621.765	260.024	501.052	414.449	0.000	0.000	0.999	0.437	0.909	2.226	1.530	Infant100	data
54648.422	55081.658	436.601	395.911	256.360	0.000	0.000	0.999	0.526	0.554	1.425	2.405	Infant100	data
55101.700	56064.864	966.502	363.522	244.960	0.000	0.000	0.999	0.319	0.241	1.083	1.121	Infant100	data
56104.930	56688.135	586.549	872.282	461.331	0.000	0.000	0.999	0.869	2.065	2.588	4.059	Infant100	data
56728.092	57841.301	1116.563	1460.900	899.239	0.000	0.003	0.999	1.079	2.112	2.943	5.138	Infant100	data
57897.962	60114.349	2219.633	1445.169	239.806	0.000	0.000	0.999	0.597	0.822	2.234	3.431	Infant100	data
60154.329	60447.601	296.633	972.165	403.916	0.000	0.000	0.999	0.915	1.405	1.771	3.850	Infant100	data
60470.910	61434.137	966.577	908.227	484.859	0.000	0.000	0.999	0.817	1.454	2.917	3.731	Infant100	data
61470.855	61710.727	243.227	384.209	831.425	0.000	0.014	0.999	0.686	0.747	1.319	3.517	Infant100	data
61734.125	62047.351	316.569	379.929	911.450	0.000	0.000	0.999	0.554	0.488	0.922	3.345	Infant100	data
62097.389	62337.357	243.212	362.131	163.815	0.000	0.000	0.999	0.333	0.422	1.214	1.198	Infant100	data
62360.663	62953.913	596.613	377.583	264.509	0.000	0.000	0.999	0.629	0.717	2.045	2.576	Infant100	data
62970.600	64053.766	1086.440	355.033	230.114	0.000	0.000	0.999	0.381	0.458	1.273	2.321	Infant100	data
64093.754	64650.310	559.898	888.720	453.589	0.000	0.000	0.999	0.794	2.065	2.890	3.853	Infant100	data
64690.300	65053.635	366.606	1467.454	890.631	0.000	0.027	0.999	0.967	2.469	2.681	4.973	Infant100	data
65076.937	65256.891	183.312	1365.755	771.667	0.000	0.127	0.999	1.722	5.179	3.131	6.137	Infant100	data
65280.174	65676.831	400.001	1438.968	842.687	0.000	0.042	0.999	1.407	4.138	3.545	6.721	Infant100	data
65730.225	65983.518	256.552	985.549	452.556	0.000	0.000	0.999	0.782	1.127	1.639	3.147	Infant100	data
66023.500	66240.066	219.934	452.272	301.721	0.000	0.000	0.999	0.384	0.359	0.967	0.992	Infant100	data
66263.467	66500.091	239.897	386.734	241.696	0.000	0.000	0.999	0.381	0.363	1.402	0.792	Infant100	data
66523.381	67133.335	613.317	380.720	237.133	0.000	0.033	0.999	0.347	0.372	1.586	1.011	Infant100	data
67139.946	68059.857	923.273	346.571	245.345	0.000	0.000	0.999	0.328	0.293	1.266	1.126	Infant100	data
68099.843	68709.793	613.196	924.094	441.523	0.000	0.000	0.999	0.894	2.145	2.774	3.617	Infant100	data
68759.737	69819.616	1063.239	1479.539	878.675	1.000	0.009	0.999	1.168	2.766	4.906	5.440	Infant100	data
69836.285	72039.270	2206.340	1466.745	854.639	0.000	0.041	0.999	1.102	2.846	4.734	7.214	Infant100	data
72095.928	72382.595	289.943	996.379	451.850	0.000	0.080	0.999	0.877	1.984	2.850	3.194	Infant100	data
72402.529	72799.156	399.990	934.793	472.701	0.000	0.042	0.999	0.894	1.738	2.894	3.047	Infant100	data
72839.137	73032.437	196.639	464.811	286.334	0.000	0.017	0.999	0.386	0.409	1.072	1.120	Infant100	data
73059.068	76108.699	3052.908	372.171	257.568	0.000	0.000	0.999	0.351	0.728	2.128	1.631	Infant100	data
76138.713	76401.977	266.620	853.998	429.280	0.000	0.175	0.999	1.167	5.064	4.603	5.665	Infant100	data
76415.301	76595.254	183.310	854.918	461.099	0.000	0.000	0.999	0.929	1.390	2.244	2.655	Infant100	data
76611.938	77065.226	456.649	914.326	469.308	1.000	0.000	0.999	1.030	1.912	2.827	4.659	Infant100	data
77078.553	77415.154	339.964	943.097	441.769	0.000	0.363	0.999	1.506	3.647	3.698	2.890	Infant100	data
77455.138	77648.406	196.625	481.699	270.350	0.000	0.000	0.999	0.357	0.391	1.068	1.109	Infant100	data
77671.817	77931.738	263.263	396.123	278.222	0.000	0.000	0.999	0.373	0.404	1.471	0.881	Infant100	data
77965.078	78341.678	379.957	460.713	840.437	0.000	0.000	0.999	0.605	0.557	1.078	3.664	Infant100	data
78368.329	79734.810	1369.838	389.893	877.964	0.000	0.000	0.999	0.407	0.521	1.803	3.748	Infant100	data
79824.834	80011.417	189.926	1345.737	424.797	0.000	0.000	0.999	0.620	1.066	1.774	2.418	Infant100	data
80041.405	80311.392	273.343	1415.799	298.503	0.000	0.000	0.999	0.765	0.893	1.674	3.388	Infant100	data
80351.369	80554.722	206.628	989.563	453.476	0.000	0.000	0.999	0.604	0.846	1.722	3.400	Infant100	data
80574.664	81377.897	806.578	946.731	468.698	0.000	0.004	0.999	0.817	1.322	3.509	3.582	Infant100	data
81417.864	81674.514	260.006	409.779	860.618	0.000	0.000	0.999	0.890	1.266	1.795	3.610	Infant100	data
81694.562	81867.815	176.586	397.043	902.412	0.000	0.000	0.999	0.822	0.979	1.176	3.331	Infant100	data
81907.879	82091.188	186.576	418.726	408.293	0.000	0.000	0.999	0.500	0.569	1.528	1.855	Infant100	data
82114.480	82341.123	229.919	388.805	305.440	0.000	0.000	0.999	0.412	0.354	1.098	0.964	Infant100	data
82367.776	83734.253	1369.746	378.923	252.617	0.000	0.010	0.999	0.364	0.514	2.157	1.197	Infant100	data
83847.578	84190.801	346.576	1686.265	737.897	0.000	0.000	0.999	0.668	0.865	1.263	3.396	Infant100	data
84214.199	84410.833	199.879	1407.253	861.751	0.000	0.217	0.999	1.140	4.795	3.688	5.480	Infant100	data
84460.777	84754.062	296.633	961.094	418.414	0.000	0.011	0.999	0.787	1.137	2.035	1.862	Infant100	data
84767.386	85197.376	433.262	917.533	437.259	0.000	0.008	0.999	1.074	1.926	3.347	3.740	Infant100	data
85243.974	85457.276	216.662	311.975	857.518	0.000	0.000	0.999	0.905	1.115	1.466	4.227	Infant100	data
85480.678	85963.872	486.550	367.447	884.055	0.000	0.000	0.999	0.851	0.903	1.503	3.753	Infant100	data
86003.842	86250.530	250.055	376.351	325.571	0.000	0.000	0.999	0.425	0.351	1.800	0.924	Infant100	data
86273.821	88123.589	1853.143	361.185	244.987	0.000	0.000	0.999	0.390	0.528	1.862	2.770	Infant100	data
88163.578	89193.436	1033.135	873.684	478.029	0.000	0.003	0.999	0.873	2.155	3.447	4.246	Infant100	data
89230.070	89919.973	693.261	378.795	900.861	0.000	0.000	0.999	0.911	1.041	1.680	3.661	Infant100	data
89996.676	90193.304	199.909	1462.363	960.695	0.000	0.000	0.999	0.870	1.447	2.116	3.398	Infant100	data
90216.607	91243.117	1029.873	1465.865	830.644	1.000	0.084	0.999	1.336	3.372	4.768	6.042	Infant100	data
91259.801	92212.972	956.525	1457.061	877.616	0.000	0.108	0.999	0.994	2.571	4.556	4.429	Infant100	data
92259.665	93389.452	1133.115	966.928	432.709	1.000	0.121	0.999	0.891	1.806	3.639	2.858	Infant100	data
93426.138	93609.459	186.684	466.165	802.988	0.000	0.000	0.999	0.773	1.049	1.576	3.905	Infant100	data
93632.752	94049.337	419.937	385.831	890.616	0.000	0.000	0.999	0.755	1.137	2.065	3.850	Infant100	data
94112.696	94432.634	323.272	1063.235	253.170	0.000	0.010	0.999	0.665	1.193	1.748	3.064	Infant100	data
94472.618	94729.254	259.994	1465.601	256.596	0.000	0.026	0.999	0.725	1.087	1.742	2.529	Infant100	data
94755.915	95029.249	276.689	1462.765	262.890	1.000	0.217	0.999	0.965	2.211	5.591	2.523	Infant100	data
95065.883	95335.845	273.321	1461.726	228.843	1.000	0.232	0.999	0.630	1.484	2.126	3.130	Infant100	data
95349.170	96129.111	783.181	1450.543	259.752	1.000	0.209	0.999	0.896	1.990	4.258	2.931	Infant100	data
96159.109	96349.034	193.288	953.979	419.552	1.000	0.379	0.999	1.102	5.865	3.773	3.687	Infant100	data
96369.080	97352.260	986.453	964.220	443.080	1.000	0.155	0.999	1.072	2.582	3.997	3.606	Infant100	data
97398.863	97598.829	203.335	274.489	790.518	0.000	0.000	0.999	0.865	1.971	2.655	3.669	Infant100	data
97625.496	97818.876	196.637	380.008	897.221	0.000	0.000	0.999	0.915	0.730	0.877	3.383	Infant100	data
97865.478	98012.155	150.033	410.825	415.385	0.000	0.000	0.999	0.401	0.379	1.129	1.231	Infant100	data
98032.084	98308.789	279.950	378.331	313.822	0.000	0.012	0.999	0.387	0.318	1.448	0.758	Infant100	data
98332.079	100141.803	1813.067	368.835	244.849	0.000	0.000	0.999	0.333	0.547	1.459	1.757	Infant100	data
100181.863	101268.359	1089.857	908.166	478.681	0.000	0.000	0.999	0.807	1.589	2.904	4.063	Infant100	data
101308.334	101508.331	203.242	369.772	790.956	0.000	0.000	0.999	0.724	0.699	1.109	1.858	Infant100	data
101531.622	101781.574	253.314	389.493	898.146	0.000	0.000	0.999	0.647	0.680	1.448	2.606	Infant100	data
101824.892	101958.261	136.645	349.447	388.458	0.000	0.000	0.999	0.314	0.241	0.793	0.951	Infant100	data
101981.556	102878.073	899.870	359.910	259.562	0.000	0.022	0.999	0.344	0.372	1.100	1.519	Infant100	data
102924.754	103091.380	169.990	372.009	255.595	0.000	0.000	0.999	0.357	0.195	0.802	0.834	Infant100	data
103138.063	104004.583	869.863	352.810	255.417	0.000	0.008	0.999	0.338	0.428	1.323	1.189	Infant100	data
104167.942	104407.918	243.222	1132.812	433.026	1.000	0.041	0.999	0.824	2.215	2.871	2.688	Infant100	data
104434.566	104664.490	233.256	1016.848	424.173	1.000	0.143	0.999	1.021	1.802	3.764	1.981	Infant100	data
104681.146	105194.456	516.590	938.157	441.912	0.000	0.303	0.999	0.978	2.185	3.735	2.715	Infant100	data
105241.040	105464.327	226.641	467.064	524.305	0.000	0.000	0.999	0.860	2.122	4.151	3.384	Infant100	data
105497.691	105724.342	230.012	357.123	287.405	0.000	0.000	0.999	0.346	0.327	0.988	1.270	Infant100	data
105741.027	105947.633	209.960	345.136	248.654	0.000	0.000	0.999	0.379	0.289	0.911	0.956	Infant100	data
105987.625	106280.872	296.611	834.475	403.055	0.000	0.000	0.999	0.879	1.500	2.023	4.102	Infant100	data
106317.609	108160.670	1846.417	373.882	880.527	0.000	0.000	0.999	0.583	0.851	1.737	3.769	Infant100	data
108347.253	109097.159	753.260	883.101	411.537	0.000	0.000	0.999	0.649	0.878	2.712	2.708	Infant100	data
109107.229	110143.710	1039.827	908.304	436.253	0.000	0.010	0.999	0.793	1.493	2.349	3.451	Infant100	data
110153.677	110283.682	133.367	927.688	394.776	0.000	0.025	0.999	0.617	0.769	1.703	1.433	Infant100	data
110306.968	110933.610	629.909	916.538	360.211	0.000	0.005	0.999	0.692	1.035	2.255	3.814	Infant100	data
110970.231	111166.866	199.992	474.781	769.449	0.000	0.000	0.999	0.550	1.156	1.815	2.270	Infant100	data
111190.177	112003.459	816.548	393.631	873.076	0.000	0.000	0.999	0.721	0.855	1.271	4.732	Infant100	data
112026.742	112226.747	203.360	364.913	863.975	0.000	0.000	0.999	0.645	0.507	0.724	3.380	Infant100	data
112246.690	113163.235	919.894	377.606	904.237	0.000	0.000	0.999	0.882	1.341	1.785	4.405	Infant100	data
113236.572	114289.732	1056.522	860.718	455.883	0.000	0.000	0.999	0.494	0.558	1.501	2.805	Infant100	data
114313.058	114766.337	456.621	751.246	389.002	0.000	0.000	0.999	0.661	0.762	1.383	3.194	Infant100	data
114813.015	115016.370	206.608	420.375	831.024	0.000	0.000	0.999	0.578	0.511	0.899	3.303	Infant100	data
115039.661	116272.793	1236.476	371.713	845.100	0.000	0.000	0.999	0.677	0.791	1.560	3.851	Infant100	data
116292.822	117302.644	1013.182	364.288	881.507	0.000	0.000	0.999	0.651	0.672	1.323	4.173	Infant100	data
117359.307	122498.593	5142.557	869.958	424.971	0.000	0.132	0.999	1.221	4.268	7.658	6.521	Infant100	data
122505.214	122548.535	46.680	900.113	384.353	1.000	0.143	0.999	1.202	1.991	2.714	1.262	Infant100	data
122701.846	123608.413	909.915	870.380	397.739	1.000	0.209	0.999	1.534	5.770	6.529	5.389	Infant100	data
123655.034	123975.028	323.357	1384.528	278.849	1.000	0.247	0.999	0.684	0.948	1.930	2.467	Infant100	data
124005.049	125361.462	1359.757	1452.082	231.882	1.000	0.015	0.999	0.636	0.939	2.907	2.887	Infant100	data
125398.178	125521.469	126.649	906.718	492.405	0.000	0.184	0.999	3.097	15.751	8.147	6.672	Infant100	data
125534.791	125891.333	359.913	902.724	435.527	1.000	0.185	0.999	1.844	8.514	5.334	6.211	Infant100	data
125901.399	126417.972	519.930	908.125	478.878	0.000	0.000	0.999	0.992	2.041	3.213	3.611	Infant100	data
126471.275	126661.302	193.390	221.201	967.676	0.000	0.000	0.999	0.581	0.635	0.921	3.695	Infant100	data
126687.958	128177.725	1493.121	389.239	852.135	0.000	0.000	0.999	0.570	0.738	1.415	4.021	Infant100	data
128201.046	128387.684	190.003	366.200	898.570	0.000	0.000	0.999	0.585	0.605	1.214	2.834	Infant100	data
128411.007	128614.333	206.685	355.379	865.868	0.000	0.000	0.999	0.512	0.470	1.143	2.510	Infant100	data
128637.624	129127.635	493.291	366.283	900.946	0.000	0.000	0.999	0.450	0.360	0.908	3.360	Infant100	data
129187.561	129524.163	339.963	755.912	455.912	0.000	0.000	0.999	0.833	1.235	1.553	4.461	Infant100	data
129554.176	129864.131	313.318	855.537	472.978	0.000	0.000	0.999	0.520	0.523	1.067	2.715	Infant100	data
129900.756	130074.094	176.697	463.106	848.035	0.000	0.019	0.999	0.626	0.886	1.726	2.145	Infant100	data
130097.390	130420.785	326.660	377.297	908.535	0.000	0.000	0.999	0.467	0.405	0.981	2.470	Infant100	data
130457.399	130607.352	153.290	332.190	628.412	0.000	0.000	0.999	0.708	0.700	0.861	1.771	Infant100	data
130637.341	130810.692	176.708	296.138	318.615	0.000	0.000	0.999	0.356	0.214	0.788	0.761	Infant100	data
130840.703	131197.242	359.901	329.362	262.148	0.000	0.000	0.999	0.308	0.211	0.909	0.846	Infant100	data
131233.976	132127.122	896.502	323.623	827.900	0.000	0.000	0.999	0.499	0.522	1.147	3.582	Infant100	data
132147.166	133173.679	1029.869	364.604	873.803	0.000	0.000	0.999	0.662	0.832	1.664	3.830	Infant100	data
133223.630	134093.474	873.222	908.280	440.637	1.000	0.008	0.999	0.902	1.883	3.239	3.734	Infant100	data
134136.843	134326.843	193.359	404.450	911.507	0.000	0.000	0.999	0.643	0.463	1.025	3.288	Infant100	data
134350.133	136213.253	1866.471	369.576	864.211	0.000	0.000	0.999	0.591	0.765	1.310	4.662	Infant100	data
136239.901	137076.409	839.862	373.392	892.959	0.000	0.000	0.999	0.688	0.590	1.344	3.639	Infant100	data
137153.098	137479.740	330.004	803.282	418.229	1.000	0.000	0.999	0.597	0.697	1.131	2.322	Infant100	data
137499.670	138062.930	566.621	877.494	472.701	0.000	0.000	0.999	0.925	1.396	2.059	3.950	Infant100	data
138102.918	138272.914	173.336	421.574	280.299	0.000	0.000	0.999	0.590	0.691	0.888	2.230	Infant100	data
138296.297	138492.934	199.995	372.635	234.414	0.000	0.000	0.999	0.288	0.206	0.752	0.717	Infant100	data
138792.817	139012.855	223.419	372.584	686.942	1.000	0.000	0.999	0.447	0.435	0.911	2.208	Infant100	data
139032.793	139226.173	196.652	409.558	761.859	0.000	0.000	0.999	0.471	0.793	0.992	1.659	Infant100	data
139236.139	139392.797	160.016	418.604	814.066	0.000	0.000	0.999	0.571	0.625	0.936	2.480	Infant100	data
139402.761	140235.988	836.600	403.455	851.738	0.000	0.000	0.999	0.607	0.832	1.157	3.848	Infant100	data
140255.929	140475.972	223.405	402.639	885.780	0.000	0.000	0.999	0.721	0.609	1.173	2.290	Infant100	data
140549.319	140722.564	176.591	1303.024	913.633	0.000	0.000	0.999	1.046	1.761	2.186	3.462	Infant100	data
140749.201	141112.574	366.622	1439.976	874.987	0.000	0.009	0.999	0.920	2.166	2.982	3.619	Infant100	data
141159.170	141499.114	343.295	995.276	463.049	0.000	0.000	0.999	0.572	0.708	1.588	2.511	Infant100	data
141522.492	141785.760	266.620	929.384	472.190	0.000	0.000	0.999	0.727	0.893	2.209	2.556	Infant100	data
141832.450	142015.758	186.666	438.600	927.369	0.000	0.000	0.999	0.580	0.669	1.227	2.031	Infant100	data
142039.052	143018.893	983.174	374.805	899.159	0.000	0.000	0.999	0.708	1.026	1.442	3.778	Infant100	data
143075.557	143258.860	186.637	1280.165	906.887	0.000	0.000	0.999	0.957	1.637	2.404	2.832	Infant100	data
143282.245	143558.834	279.944	1386.725	834.166	0.000	0.060	0.999	1.506	3.661	2.831	4.470	Infant100	data
143575.517	144215.365	643.203	1471.206	839.924	1.000	0.031	0.999	1.183	2.340	2.401	3.309	Infant100	data
144222.090	144552.010	333.246	1468.367	870.081	1.000	0.000	0.999	0.868	1.840	2.020	3.550	Infant100	data
144588.709	145151.973	566.623	1062.375	511.861	0.000	0.029	0.999	0.995	1.987	2.979	3.906	Infant100	data
145175.265	146105.142	933.239	907.741	465.260	0.000	0.021	0.999	0.853	1.590	2.159	3.953	Infant100	data
146145.124	146218.465	76.703	337.286	894.843	0.000	0.000	0.999	0.567	2.270	1.618	2.677	Infant100	data
146238.512	146458.441	223.287	489.525	924.754	0.000	0.000	0.999	0.599	0.558	0.959	3.214	Infant100	data
146481.754	147045.008	566.598	397.334	919.062	0.000	0.000	0.999	0.858	0.724	0.958	3.728	Infant100	data
147058.313	149144.722	2089.753	363.934	865.649	0.000	0.000	0.999	0.824	1.719	2.043	5.535	Infant100	data
149184.716	150277.868	1096.484	880.343	495.524	0.000	0.012	0.999	1.142	2.987	4.441	4.266	Infant100	data
150314.570	150384.560	73.336	591.297	849.405	0.000	0.000	0.999	0.928	1.526	1.289	2.858	Infant100	data
150411.207	150567.865	160.019	394.586	970.980	0.000	0.000	0.999	0.706	0.709	1.065	2.208	Infant100	data
150594.518	151194.384	603.230	390.765	883.249	0.000	0.000	0.999	0.564	0.544	1.365	2.869	Infant100	data
151214.436	152187.648	976.569	377.898	849.809	0.000	0.000	0.999	0.823	1.105	1.518	4.477	Infant100	data
152224.267	153114.165	893.256	372.729	884.792	0.000	0.000	0.999	0.820	0.977	1.464	4.321	Infant100	data
153170.824	154170.688	1003.221	898.221	440.931	0.000	0.047	0.999	0.947	2.266	2.915	3.944	Infant100	data
154507.296	155060.586	556.547	360.586	868.653	0.000	0.000	0.999	0.780	0.894	1.630	3.216	Infant100	data
155077.166	156303.681	1229.857	367.358	836.384	0.000	0.000	0.999	0.743	0.764	1.636	4.738	Infant100	data
156323.710	157276.872	956.523	375.942	881.411	0.000	0.003	0.999	0.775	0.920	1.886	4.171	Infant100	data
157323.572	158063.421	743.207	868.382	457.909	0.000	0.117	0.999	0.985	1.820	2.385	3.978	Infant100	data
158100.137	158300.052	203.252	417.157	883.017	0.000	0.000	0.999	0.799	1.175	1.815	3.532	Infant100	data
158326.702	158789.943	466.610	370.690	888.092	0.000	0.000	0.999	0.872	1.014	1.569	3.555	Infant100	data
158836.631	159019.948	186.672	419.554	346.674	0.000	0.000	0.999	0.386	0.303	1.053	0.925	Infant100	data
159046.596	159326.564	283.308	385.753	260.370	0.000	0.000	0.999	0.382	0.268	0.954	0.958	Infant100	data
159349.935	160269.761	923.171	358.993	176.508	0.000	0.000	0.999	0.377	0.382	1.320	1.655	Infant100	data
160293.145	160983.058	693.185	371.036	242.184	0.000	0.000	0.999	0.383	0.340	1.226	1.253	Infant100	data
161023.033	161256.284	236.610	882.282	634.836	0.000	0.028	0.999	1.753	4.874	3.422	5.736	Infant100	data
161282.930	161739.586	460.017	931.720	423.798	1.000	0.043	0.999	1.241	3.403	5.349	4.234	Infant100	data
161772.873	161946.187	176.675	1425.399	808.580	1.000	0.019	0.999	1.092	2.097	2.134	4.176	Infant100	data
161972.841	162489.512	519.918	1467.043	873.383	0.000	0.006	0.999	0.861	1.405	3.038	3.888	Infant100	data
162502.837	162609.443	109.965	1479.491	906.545	0.000	0.000	0.999	0.821	0.678	0.915	3.146	Infant100	data
163239.305	163472.689	236.642	1180.246	1224.115	0.000	0.000	0.999	0.672	1.182	2.151	2.938	Infant100	data
163512.665	163802.578	293.271	1251.661	403.710	0.000	0.045	0.999	1.171	4.877	4.038	4.872	Infant100	data
163835.948	164095.868	263.265	819.112	541.983	0.000	0.114	0.999	2.127	7.476	3.197	8.867	Infant100	data
164122.499	164299.204	180.066	424.031	865.400	0.000	0.000	0.999	0.533	0.795	1.364	2.404	Infant100	data
164319.137	165025.741	709.951	369.770	878.372	0.000	0.000	0.999	0.666	0.826	1.565	3.334	Infant100	data
165045.773	165725.621	683.199	311.515	884.290	0.000	0.000	0.999	0.793	0.939	1.564	3.902	Infant100	data
165768.947	166032.309	266.599	816.030	1318.672	0.000	0.013	0.999	1.296	3.231	5.166	3.793	Infant100	data
166078.904	166185.607	110.062	814.112	1341.875	0.000	0.091	0.999	1.850	4.635	8.437	2.144	Infant100	data
166215.607	166512.234	299.902	318.959	1265.711	0.000	0.000	0.999	0.626	1.048	1.987	3.014	Infant100	data
166535.543	167068.787	536.603	339.548	1337.034	0.000	0.000	0.999	0.656	0.918	1.571	3.922	Infant100	data
167125.448	167252.096	130.001	-243.596	871.698	0.000	0.000	0.999	0.958	2.399	3.933	4.116	Infant100	data
177310.646	177420.609	113.324	431.918	957.450	1.000	0.000	0.999	0.318	0.288	0.997	0.874	Infant100	data
177447.274	177763.938	320.027	348.325	839.495	0.000	0.000	0.999	0.579	0.808	0.975	4.003	Infant100	data
177787.229	178177.157	393.280	342.704	883.501	0.000	0.000	0.999	0.718	1.026	1.451	3.083	Infant100	data
178183.869	178267.177	86.666	338.011	872.419	1.000	0.077	0.999	1.067	2.503	2.774	2.638	Infant100	data
182173.312	182303.232	133.266	550.872	1063.002	1.000	0.125	0.999	0.438	0.405	1.021	1.169	Infant100	data
182339.938	182789.865	453.287	696.303	644.888	0.000	0.000	0.999	1.395	2.807	2.374	5.488	Infant100	data
182839.814	183026.484	190.029	1309.349	394.295	0.000	0.000	0.999	0.556	0.734	1.823	2.026	Infant100	data
183056.494	183393.099	339.969	1409.366	267.677	0.000	0.000	0.999	0.701	0.824	1.991	3.234	Infant100	data
183433.076	183746.397	316.682	1484.026	828.242	0.000	0.011	0.999	1.104	2.288	2.443	3.413	Infant100	data
183783.020	184016.380	236.720	1056.589	413.134	0.000	0.099	0.999	1.138	2.895	4.809	2.878	Infant100	data
184039.671	184639.572	603.227	950.312	416.329	1.000	0.166	0.999	0.935	2.475	3.928	2.755	Infant100	data
184682.879	184866.193	186.677	503.978	849.310	0.000	0.000	0.999	0.636	0.697	1.140	2.204	Infant100	data
184889.594	185652.761	766.494	347.527	870.062	0.000	0.000	0.999	0.730	0.860	1.539	4.004	Infant100	data
185726.085	185926.076	203.350	1271.752	324.427	0.000	0.000	0.999	0.790	1.007	1.547	2.862	Infant100	data
185959.446	187639.150	1683.058	1413.674	229.947	0.000	0.002	0.999	0.643	1.221	2.568	3.546	Infant100	data
187679.133	188799.026	1123.249	930.142	462.525	0.000	0.009	0.999	0.883	2.337	3.846	4.602	Infant100	data
188812.350	188915.705	106.621	889.396	495.097	0.000	0.000	0.999	0.887	1.064	1.314	2.346	Infant100	data
188962.303	189358.912	399.982	889.276	492.586	0.000	0.008	0.999	1.020	2.182	3.745	3.562	Infant100	data
189408.979	190425.412	1019.793	1390.074	266.723	0.000	0.000	0.999	0.563	0.748	1.781	3.818	Infant100	data
190448.817	191651.925	1206.463	1415.274	228.999	0.000	0.000	0.999	0.596	0.643	1.662	3.603	Infant100	data
191691.909	192751.772	1063.229	933.014	482.802	0.000	0.006	0.999	0.898	2.571	3.321	6.015	Infant100	data
192841.739	192998.371	159.985	1334.998	1054.229	1.000	0.000	0.999	0.684	0.857	1.493	3.098	Infant100	data
193018.407	193624.994	609.949	1475.093	879.042	1.000	0.175	0.999	1.053	3.346	3.377	5.480	Infant100	data
193698.324	193848.280	153.306	1410.896	358.825	1.000	0.261	0.999	0.791	1.443	2.005	1.757	Infant100	data
193878.291	193958.236	83.317	1447.834	185.100	0.000	0.120	0.999	0.828	1.363	2.016	1.654	Infant100	data
193968.231	195478.025	1513.155	1448.420	222.917	0.000	0.022	0.999	0.835	1.823	4.649	3.149	Infant100	data
195891.338	196291.216	403.236	940.795	382.894	1.000	0.124	0.999	1.557	5.861	4.479	5.703	Infant100	data
196307.888	196871.149	566.623	992.698	414.309	0.000	0.153	0.999	1.374	3.912	5.600	4.450	Infant100	data
196911.151	197101.158	193.287	1405.918	854.904	1.000	0.052	0.999	1.265	2.541	2.183	4.872	Infant100	data
197117.838	197311.115	196.625	1447.993	883.458	0.000	0.000	0.999	0.947	1.511	2.338	3.742	Infant100	data
197367.781	197844.362	479.943	1386.955	280.813	0.000	0.132	0.999	0.876	1.448	3.732	2.259	Infant100	data
197861.043	199547.453	1689.768	1436.046	224.472	0.000	0.059	0.999	0.714	1.470	4.019	3.087	Infant100	data
199587.432	200000.749	416.579	887.881	381.913	0.000	0.096	0.999	0.760	2.040	2.462	4.577	Infant100	data
200024.038	200663.999	643.225	935.396	452.036	0.000	0.000	0.999	0.891	1.518	2.302	3.938	Infant100	data
200723.919	200950.556	229.982	238.090	785.221	0.000	0.000	0.999	0.509	0.656	1.602	1.575	Infant100	data
200980.559	201263.873	286.672	397.432	886.158	0.000	0.000	0.999	0.430	0.400	0.862	2.071	Infant100	data
201347.184	201747.163	403.245	917.441	429.982	0.000	0.000	0.999	0.853	1.265	2.514	4.121	Infant100	data
201800.475	202297.007	499.870	1454.403	272.582	0.000	0.027	0.999	0.701	1.266	2.486	3.493	Infant100	data
202330.365	203650.145	1323.142	1439.458	213.977	0.000	0.078	0.999	0.620	0.905	2.041	2.984	Infant100	data
203680.163	204756.714	1079.820	961.668	408.597	0.000	0.231	0.999	1.158	4.919	3.979	6.673	Infant100	data
204843.279	205296.571	456.657	1911.245	967.792	0.000	0.066	0.999	0.856	2.414	3.762	3.670	Infant100	data
210689.150	210735.843	49.958	1253.296	297.037	1.000	0.000	0.999	0.773	1.093	1.426	1.805	Infant100	data
210749.171	211179.058	433.246	1252.145	358.841	0.000	0.000	0.999	0.750	1.141	1.796	2.922	Infant100	data
211305.706	211732.347	430.003	990.687	457.906	1.000	0.271	0.999	0.951	2.140	3.104	2.597	Infant100	data
211968.957	212078.925	113.325	1008.355	489.766	1.000	0.676	0.999	0.585	5.706	2.426	4.522	Infant100	data
212108.936	212308.929	203.350	1128.558	493.447	0.000	0.098	0.999	1.418	3.608	2.616	4.813	Infant100	data
212365.589	212725.508	363.267	1175.715	473.326	1.000	0.202	0.999	2.115	9.310	4.518	7.496	Infant100	data
212778.809	213202.094	426.627	1180.126	443.060	1.000	0.172	0.999	1.364	3.405	5.089	3.583	Infant100	data
213618.738	213738.678	123.303	868.042	580.454	1.000	0.324	0.999	2.503	12.877	4.330	7.078	Infant100	data
213785.375	213981.998	199.980	486.703	875.621	1.000	0.050	0.999	1.113	2.350	1.605	5.814	Infant100	data
214118.627	214281.997	166.619	486.451	886.096	1.000	0.000	0.999	0.698	0.881	1.363	2.968	Infant100	data
214378.639	214848.538	473.225	1032.282	531.167	1.000	0.162	0.999	2.632	12.113	5.256	9.595	Infant100	data
217481.461	217611.474	133.371	993.712	253.665	1.000	0.350	0.999	1.225	3.542	3.107	2.190	Infant100	data
217641.475	217791.423	153.302	970.360	348.741	1.000	0.283	0.999	1.429	4.916	5.202	2.819	Infant100	data
217828.052	218521.312	696.614	462.721	256.266	0.000	0.000	0.999	0.401	0.460	1.112	1.567	Infant100	data
218544.703	218787.943	246.581	427.462	202.172	0.000	0.000	0.999	0.412	0.321	1.036	1.064	Infant100	data
218811.325	219514.557	706.502	417.637	268.727	0.000	0.000	0.999	0.352	0.311	1.252	1.194	Infant100	data
219591.163	219781.181	193.375	1442.137	311.253	0.000	0.069	0.999	0.560	1.033	2.190	2.098	Infant100	data
219804.473	220354.400	553.286	1516.360	273.672	0.000	0.018	0.999	0.584	0.757	1.751	2.013	Infant100	data
220387.772	220611.057	226.552	1043.720	432.651	1.000	0.132	0.999	1.207	4.039	3.416	3.771	Infant100	data
220624.372	220857.642	236.629	1066.268	393.994	1.000	0.380	0.999	1.164	2.781	4.321	2.333	Infant100	data
220884.298	221047.663	166.612	993.038	648.426	1.000	0.260	0.999	2.676	8.472	2.674	7.377	Infant100	data
221054.266	221320.903	269.987	982.528	770.785	0.000	0.247	0.999	2.580	6.888	2.088	7.276	Infant100	data
221370.948	221550.896	183.314	1509.563	964.392	0.000	0.000	0.999	0.381	0.385	0.952	2.056	Infant100	data
221577.541	223633.937	2059.757	1522.718	888.486	0.000	0.000	0.999	0.417	0.622	1.379	3.067	Infant100	data
223690.590	224963.683	1276.453	1022.181	378.274	0.000	0.157	0.999	0.904	2.403	3.541	3.979	Infant100	data
225003.772	225160.350	159.908	619.834	422.131	1.000	0.646	0.999	1.418	2.062	2.498	3.414	Infant100	data
225193.699	225433.658	243.319	482.655	264.781	0.000	0.000	0.999	0.392	0.298	0.866	1.174	Infant100	data
225460.313	225956.937	499.982	448.484	234.495	0.000	0.000	0.999	0.397	0.433	1.546	1.157	Infant100	data
226270.173	226666.782	399.960	480.291	188.640	0.000	0.000	0.999	0.435	0.373	1.601	1.074	Infant100	data
226690.166	226910.097	223.289	447.847	230.171	0.000	0.000	0.999	0.360	0.292	1.024	0.910	Infant100	data
226930.139	227193.406	266.625	433.590	260.852	0.000	0.000	0.999	0.491	0.441	1.233	1.975	Infant100	data
227256.678	227333.377	80.058	1859.633	1048.998	1.000	0.000	0.999	2.218	65.301	16.484	19.614	Infant100	data
228989.776	229213.078	226.640	1409.822	733.399	1.000	0.103	0.999	1.437	4.397	3.778	5.882	Infant100	data
229243.084	229386.401	146.669	1036.838	375.173	1.000	0.341	0.999	0.763	1.784	2.426	1.879	Infant100	data
229406.406	229476.393	73.346	1066.189	357.821	1.000	0.818	0.999	0.449	4.070	2.406	1.721	Infant100	data
229619.727	229803.036	186.563	998.261	343.864	1.000	0.643	0.999	0.953	2.247	1.900	3.025	Infant100	data
229866.303	230186.338	323.283	514.063	292.987	0.000	0.010	0.999	0.503	0.571	0.939	2.252	Infant100	data
230206.270	230956.196	753.285	455.873	248.370	0.000	0.000	0.999	0.526	0.641	2.036	2.201	Infant100	data
231556.067	231802.759	249.938	1518.392	871.265	0.000	0.000	0.999	0.432	0.457	1.281	2.292	Infant100	data
231846.091	232082.706	239.976	1040.964	505.419	0.000	0.000	0.999	1.141	2.115	1.928	5.651	Infant100	data
232106.001	232692.543	589.908	963.238	476.838	0.000	0.073	0.999	0.825	2.127	2.997	4.975	Infant100	data
236118.769	236852.004	736.598	930.318	395.533	0.000	0.140	0.999	1.110	4.990	4.343	5.534	Infant100	data
237755.232	237818.500	66.625	1709.185	346.253	0.000	0.000	0.999	0.988	0.894	0.727	2.493	Infant100	data
237841.819	238458.460	619.895	1474.087	389.580	0.000	0.011	0.999	0.752	1.488	2.387	3.487	Infant100	data
238541.770	238798.340	259.901	281.885	241.914	0.000	0.000	0.999	0.434	0.891	1.550	1.602	Infant100	data
238821.721	239398.313	579.856	379.911	240.843	0.000	0.000	0.999	0.609	1.074	2.125	2.938	Infant100	data
239441.638	239668.286	229.974	386.934	235.418	0.000	0.000	0.999	0.334	0.216	0.915	0.792	Infant100	data
239714.880	240058.195	346.674	1099.613	348.400	0.000	0.019	0.999	1.056	2.289	2.261	2.854	Infant100	data
240081.501	240384.835	306.610	978.958	401.613	0.000	0.000	0.999	0.946	1.747	2.740	2.527	Infant100	data
240438.140	240944.746	509.955	1504.102	913.657	0.000	0.000	0.999	0.598	0.885	1.784	2.845	Infant100	data
240988.069	241404.629	419.920	1497.467	903.030	0.000	0.000	0.999	0.385	0.338	0.855	1.675	Infant100	data
241451.325	241934.629	486.570	1522.265	282.773	0.000	0.007	0.999	0.462	0.582	1.577	2.191	Infant100	data
241957.922	242877.724	923.171	1492.619	213.480	0.000	0.043	0.999	0.538	0.931	2.372	2.837	Infant100	data
242917.804	243034.387	119.927	1691.672	759.170	0.000	0.000	0.999	0.360	1.077	2.190	3.375	Infant100	data
245570.719	245680.675	113.323	1303.975	611.386	1.000	0.029	0.999	2.204	4.869	1.571	6.232	Infant100	data
245687.402	245790.667	106.620	1303.021	391.100	1.000	0.188	0.999	2.840	6.159	1.780	6.930	Infant100	data
245850.662	246067.351	219.976	1144.121	392.658	0.000	0.000	0.999	0.985	3.257	3.158	3.494	Infant100	data
246107.329	246393.997	289.910	454.641	173.769	0.000	0.000	0.999	0.415	0.748	2.051	1.797	Infant100	data
246417.279	247023.872	609.960	372.441	242.323	0.000	0.000	0.999	0.376	0.352	1.361	1.191	Infant100	data
253749.589	253892.917	146.594	345.681	1129.429	1.000	0.000	0.999	0.640	0.937	1.350	2.514	Infant100	data
253929.538	254159.540	233.272	627.839	705.498	0.000	0.057	0.999	1.351	3.690	3.272	4.575	Infant100	data
254179.477	254552.813	376.601	759.650	527.624	0.000	0.000	0.999	0.896	1.533	2.135	3.071	Infant100	data
254592.790	255122.673	533.241	295.095	861.577	0.000	0.000	0.999	1.067	1.893	1.847	4.428	Infant100	data
255166.008	255525.940	363.271	754.788	412.951	0.000	0.000	0.999	0.677	0.711	1.402	2.151	Infant100	data
255549.311	255855.914	309.957	834.627	421.717	0.000	0.032	0.999	0.846	1.232	1.635	3.451	Infant100	data
255892.531	256079.198	190.024	1301.083	610.639	0.000	0.053	0.999	1.708	4.408	1.903	5.455	Infant100	data
256105.864	258502.195	2399.689	1418.716	815.720	1.000	0.285	0.999	1.953	7.876	5.214	8.779	Infant100	data
258662.215	258785.503	126.555	1434.644	847.614	1.000	0.237	0.999	1.604	3.812	2.549	3.430	Infant100	data
258812.154	259245.391	436.608	1017.261	473.200	1.000	0.076	0.999	1.159	3.925	2.744	6.104	Infant100	data
259268.722	259988.623	723.248	896.321	449.355	1.000	0.032	0.999	0.834	1.486	2.153	3.996	Infant100	data
260265.309	260735.182	473.223	895.248	441.292	1.000	0.000	0.999	0.706	0.953	2.123	3.541	Infant100	data
260771.897	260965.180	196.639	447.661	757.573	0.000	0.000	0.999	0.790	1.160	1.129	4.647	Infant100	data
260995.187	262411.617	1419.788	370.754	869.569	0.000	0.000	0.999	0.681	1.028	1.853	3.786	Infant100	data
262441.625	263151.564	713.210	370.431	900.481	0.000	0.000	0.999	0.622	0.733	1.356	3.746	Infant100	data
263204.866	264674.612	1473.083	815.540	445.306	0.000	0.029	0.999	0.917	1.839	3.126	4.552	Infant100	data
264727.928	265284.549	559.981	364.891	252.091	0.000	0.042	0.999	0.484	0.583	1.957	2.208	Infant100	data
265344.570	265567.857	226.644	1365.010	647.676	0.000	0.147	0.999	1.745	14.443	6.300	7.691	Infant100	data
265587.784	266214.432	629.996	1412.215	807.225	0.000	0.275	0.999	1.626	4.208	3.017	8.047	Infant100	data
266221.038	267044.285	826.617	1421.138	856.292	0.000	0.004	0.999	0.950	2.084	4.678	5.467	Infant100	data
267090.916	267334.217	246.653	965.409	421.680	0.000	0.000	0.999	0.329	0.367	1.372	1.495	Infant100	data
267360.866	268097.451	739.952	915.860	483.781	0.000	0.000	0.999	0.745	0.885	1.612	4.354	Infant100	data
268120.780	268420.745	303.324	846.080	468.871	0.000	0.000	0.999	0.695	0.583	1.076	2.681	Infant100	data
268597.355	268707.411	113.298	466.143	235.612	0.000	0.000	0.999	0.486	0.955	1.164	2.004	Infant100	data
268730.700	269160.587	433.237	279.340	212.176	0.000	0.000	0.999	0.406	0.604	1.915	1.706	Infant100	data
269220.608	269307.284	90.032	1405.736	662.186	1.000	0.185	0.999	2.613	30.998	7.398	8.656	Infant100	data
269427.245	269513.961	89.974	1625.086	821.247	1.000	0.037	0.999	0.659	1.056	1.309	1.677	Infant100	data
269533.898	269920.549	390.015	1409.059	792.631	0.000	0.103	0.999	1.575	5.919	4.031	7.295	Infant100	data
269937.240	270250.529	316.564	1500.507	865.851	0.000	0.032	0.999	1.205	3.347	4.029	4.967	Infant100	data
270270.498	271170.351	903.211	1454.356	864.728	0.000	0.144	0.999	0.988	2.270	3.126	5.151	Infant100	data
271210.329	271533.613	326.645	938.718	442.100	1.000	0.061	0.999	1.224	3.202	4.744	4.503	Infant100	data
271680.304	272020.270	343.227	948.530	458.157	1.000	0.010	0.999	0.705	0.973	2.297	3.025	Infant100	data
274179.896	274219.885	43.345	2354.888	1329.136	1.000	0.077	0.999	6.633	102.644	29.235	7.605	Infant100	data
274243.283	274379.898	139.974	2682.563	1313.320	1.000	0.048	0.999	8.113	36.835	33.326	5.032	Infant100	data
274396.585	274793.125	399.896	2692.933	1319.926	1.000	0.075	0.999	3.821	19.006	14.111	6.824	Infant100	data
274816.509	274939.794	126.647	2478.933	1334.464	1.000	0.132	0.999	9.088	52.463	36.080	6.062	Infant100	data
276272.909	276659.571	390.025	983.176	1290.197	0.000	0.017	0.999	0.782	1.069	1.857	3.958	Infant100	data
276689.583	277386.115	699.874	996.085	1121.773	0.000	0.005	0.999	0.407	0.466	1.471	1.875	Infant100	data
277429.434	277479.446	53.372	969.176	1370.668	1.000	0.500	0.999	1.659	2.924	2.319	1.971	Infant100	data
277502.741	278166.002	666.608	1004.387	1200.385	1.000	0.000	0.999	0.998	1.711	9.575	3.437	Infant100	data
278192.643	278375.946	186.664	1016.302	1046.079	0.000	0.000	0.999	0.379	0.357	0.890	1.794	Infant100	data
278419.291	279529.124	1113.174	950.769	443.204	0.000	0.027	0.999	1.022	2.273	3.936	5.169	Infant100	data
279555.782	280305.689	753.268	1044.615	456.300	1.000	0.199	0.999	1.478	3.913	4.408	6.527	Infant100	data
280319.016	280462.349	146.693	1002.906	536.502	1.000	0.318	0.999	1.661	5.188	3.079	4.763	Infant100	data
280579.023	280875.576	299.916	1014.429	630.150	1.000	0.289	0.999	2.928	8.151	2.691	8.920	Infant100	data
280902.315	282478.758	1579.712	1437.168	853.002	0.000	0.019	0.999	1.174	3.018	3.350	6.116	Infant100	data
282512.025	282682.000	173.335	983.378	410.631	0.000	0.058	0.999	0.891	1.376	2.454	2.118	Infant100	data
282972.022	283175.271	206.603	978.011	447.708	1.000	0.194	0.999	1.055	2.124	2.754	2.717	Infant100	data
283228.565	283445.252	220.044	980.134	447.863	1.000	0.258	0.999	1.112	2.435	2.159	3.231	Infant100	data
283491.945	284025.190	536.501	1464.877	927.932	0.000	0.025	0.999	1.050	2.450	4.189	5.165	Infant100	data
284035.159	284255.090	223.284	1394.913	941.841	0.000	0.164	0.999	0.872	1.827	2.085	3.236	Infant100	data
284281.730	284935.029	656.649	1438.138	860.566	1.000	0.041	0.999	1.391	3.604	3.638	6.417	Infant100	data
285001.664	285231.657	233.351	467.943	823.360	0.000	0.000	0.999	0.789	1.073	1.510	3.452	Infant100	data
285258.310	285844.874	589.905	349.865	884.996	0.000	0.000	0.999	0.797	1.002	1.273	4.469	Infant100	data
292187.369	292613.888	429.888	554.593	423.899	1.000	0.023	0.999	0.650	1.292	1.951	2.411	Infant100	data
292640.545	294063.688	1426.491	371.171	240.417	0.000	0.000	0.999	0.391	0.554	1.906	1.545	Infant100	data
294113.741	294363.679	253.298	1129.660	273.634	0.000	0.000	0.999	0.803	1.507	2.230	3.110	Infant100	data
294386.969	294973.552	589.917	919.667	409.066	0.000	0.017	0.999	0.998	2.007	2.378	4.590	Infant100	data
295010.243	295236.886	230.007	1389.019	701.803	0.000	0.000	0.999	1.259	2.521	1.749	5.997	Infant100	data
295263.546	295876.753	616.557	1480.493	906.795	0.000	0.016	0.999	0.990	2.719	3.376	5.338	Infant100	data
295900.142	296526.658	629.885	1450.386	841.511	0.000	0.127	0.999	1.587	4.278	3.919	7.940	Infant100	data
296590.051	296900.008	313.215	306.159	792.194	0.000	0.011	0.999	0.606	0.750	1.231	2.893	Infant100	data
296913.332	297279.953	369.895	321.647	824.632	0.000	0.000	0.999	0.502	0.458	1.229	2.520	Infant100	data
301419.281	301489.269	73.329	728.851	1107.536	1.000	0.000	0.999	0.706	1.031	1.512	1.803	Infant100	data
301516.003	301795.961	283.217	632.288	1035.958	0.000	0.000	0.999	0.620	0.795	1.503	2.487	Infant100	data
303488.980	303622.342	136.722	1437.986	358.572	1.000	0.049	0.999	0.544	1.028	1.382	1.779	Infant100	data
304052.245	304118.970	69.975	1246.656	411.100	1.000	0.286	0.999	1.083	3.021	2.105	2.639	Infant100	data
304175.549	304525.559	353.292	1050.106	362.994	1.000	0.066	0.999	1.106	2.260	4.549	3.851	Infant100	data
304575.515	304935.442	363.265	1045.381	393.888	1.000	0.064	0.999	0.942	2.348	3.255	2.936	Infant100	data
304982.121	305045.496	66.645	1192.092	438.209	1.000	0.350	0.999	5.470	17.973	6.786	4.796	Infant100	data
305098.795	305365.417	269.968	1064.497	449.344	1.000	0.321	0.999	1.212	5.493	4.422	5.649	Infant100	data
305392.069	305575.373	186.671	1404.024	891.324	1.000	0.518	0.999	0.665	2.240	2.045	2.385	Infant100	data
305592.065	305855.327	266.624	1426.946	851.474	1.000	0.425	0.999	1.480	3.837	2.642	5.262	Infant100	data
305935.312	306188.605	256.648	1076.876	406.849	1.000	0.195	0.999	1.230	6.102	4.915	5.294	Infant100	data
306425.299	306541.886	119.942	1152.990	311.383	1.000	0.528	0.999	1.184	1.756	2.909	1.672	Infant100	data
306568.557	306818.577	253.269	871.918	288.617	1.000	0.263	0.999	0.884	2.496	3.793	2.615	Infant100	data
307111.853	307535.136	426.645	885.409	185.710	0.000	0.039	0.999	0.756	1.034	1.670	3.197	Infant100	data
307771.750	307898.399	130.009	860.365	131.952	1.000	0.077	0.999	0.854	1.516	1.685	3.438	Infant100	data
307925.053	308075.010	153.299	802.677	37.777	1.000	0.000	0.999	0.509	0.557	1.298	1.528	Infant100	data
308461.658	309051.563	593.267	646.658	-115.585	1.000	0.006	0.999	0.557	0.895	1.502	3.586	Infant100	data
309081.566	309284.833	206.614	862.262	-178.670	0.000	0.000	0.999	0.482	0.374	0.933	1.765	Infant100	data
309311.581	309558.161	249.939	994.069	-143.261	0.000	0.000	0.999	0.536	0.452	1.157	1.796	Infant100	data
309981.429	310744.678	766.507	932.023	388.926	0.000	0.043	0.999	0.853	1.752	3.085	3.977	Infant100	data
311007.957	311131.245	126.646	1169.235	362.694	1.000	0.632	0.999	1.166	1.743	2.540	1.385	Infant100	data
311154.627	311201.233	49.964	940.602	340.609	0.000	0.133	0.999	0.797	1.325	1.340	1.585	Infant100	data
312131.109	313337.601	1209.825	334.362	871.673	1.000	0.000	0.999	0.522	0.736	1.479	4.145	Infant100	data
314780.756	314953.993	176.588	1330.369	645.156	1.000	0.057	0.999	1.318	10.591	4.553	6.653	Infant100	data
315034.054	315197.311	166.626	1042.688	1050.934	0.000	0.000	0.999	0.640	3.021	3.114	3.435	Infant100	data
315227.334	315383.986	160.012	1169.472	538.999	1.000	0.313	0.999	1.594	5.958	3.468	4.238	Infant100	data
315707.273	316377.146	673.221	1159.272	523.165	1.000	0.446	0.999	1.929	7.083	4.072	6.803	Infant100	data
316617.116	316727.083	113.307	1144.938	538.704	1.000	0.441	0.999	2.934	8.307	2.605	6.139	Infant100	data
316757.090	316887.085	133.351	1467.359	876.082	1.000	0.125	0.999	0.796	2.496	2.630	2.430	Infant100	data
316957.069	317027.058	73.347	1544.221	854.349	1.000	0.591	0.999	1.024	1.204	0.904	1.733	Infant100	data
317213.729	317320.357	109.960	1477.695	870.899	1.000	0.273	0.999	1.038	4.842	2.378	5.341	Infant100	data
317373.661	317703.637	333.330	1472.615	865.236	0.000	0.050	0.999	0.901	1.788	2.379	3.590	Infant100	data
322229.608	322582.928	356.656	1377.288	450.607	1.000	0.252	0.999	1.827	11.600	7.289	6.212	Infant100	data
322612.914	322976.174	366.624	1231.624	264.958	0.000	0.000	0.999	0.640	0.754	1.204	3.640	Infant100	data
323002.833	323356.141	356.650	1465.133	250.055	1.000	0.047	0.999	0.929	2.039	5.382	3.297	Infant100	data
329601.874	329871.856	273.327	1587.859	148.419	0.000	0.000	0.999	0.924	1.573	3.726	2.096	Infant100	data
333314.750	333704.661	393.275	1162.932	333.547	0.000	0.102	0.999	1.182	3.267	3.281	4.039	Infant100	data
333724.621	333957.957	236.696	1146.052	401.804	0.000	0.000	0.999	0.919	1.644	1.891	2.737	Infant100	data
333991.325	335001.155	1013.097	1471.406	256.145	0.000	0.003	0.999	0.547	1.022	2.534	3.749	Infant100	data
335037.778	335077.749	43.335	641.914	407.848	0.000	0.000	0.999	1.243	10.254	13.446	2.780	Infant100	data
335097.794	335144.493	49.941	-609.730	506.165	0.000	0.000	0.999	5.508	130.065	33.991	5.714	Infant100	data
339683.787	339727.124	46.699	1259.062	280.791	1.000	0.643	0.999	1.185	25.127	13.354	1.966	Infant100	data
339777.078	339977.060	203.327	1924.073	547.755	0.000	0.000	0.999	1.068	2.616	3.190	3.119	Infant100	data
339987.033	340157.019	173.337	1886.279	588.562	0.000	0.000	0.999	1.180	2.769	3.070	2.928	Infant100	data
340197.004	340916.904	723.256	1083.626	394.312	0.000	0.171	0.999	1.101	3.676	3.692	4.133	Infant100	data
340933.584	341480.155	549.931	998.830	396.839	0.000	0.006	0.999	1.147	2.852	5.439	4.299	Infant100	data
341510.165	341580.156	73.350	547.583	547.140	1.000	0.136	0.999	1.159	10.567	5.916	3.391	Infant100	data
341760.129	342486.724	729.849	368.284	882.444	1.000	0.005	0.999	0.926	1.352	1.663	5.322	Infant100	data
342503.418	342706.665	206.602	315.216	887.403	0.000	0.000	0.999	0.918	1.478	2.316	2.377	Infant100	data
342723.347	342896.694	176.620	351.776	795.925	1.000	0.019	0.999	0.941	1.771	1.975	3.634	Infant100	data
342939.916	343076.639	140.009	567.713	673.018	1.000	0.000	0.999	0.738	1.061	1.617	2.440	Infant100	data
429484.127	429694.085	213.324	-320.887	994.899	0.000	0.000	0.999	1.534	5.687	5.552	2.932	Infant100	data
429747.397	430074.053	329.991	678.457	658.181	0.000	0.010	0.999	1.678	4.657	3.982	6.353	Infant100	data
430100.684	430383.996	286.671	391.619	830.056	0.000	0.000	0.999	0.781	1.392	1.541	3.613	Infant100	data
430407.407	430650.612	246.570	392.312	892.809	0.000	0.000	0.999	0.411	0.376	1.247	1.015	Infant100	data
430720.605	430917.267	199.993	550.806	210.362	1.000	0.083	0.999	0.608	2.547	6.683	2.898	Infant100	data
431160.562	431377.244	219.947	620.499	255.573	1.000	0.167	0.999	0.728	1.122	1.507	2.707	Infant100	data
431403.897	431470.528	69.990	372.855	297.280	1.000	0.143	0.999	0.588	2.097	1.987	2.012	Infant100	data
431530.546	431690.467	163.267	389.385	755.625	0.000	0.000	0.999	0.333	0.253	0.870	0.866	Infant100	data
431713.850	432307.122	596.529	363.285	868.300	0.000	0.000	0.999	0.615	0.651	1.216	3.527	Infant100	data
432350.370	432510.368	163.355	372.733	288.696	0.000	0.000	0.999	0.420	0.337	1.136	0.901	Infant100	data
432540.378	432770.385	233.252	414.448	294.088	1.000	0.000	0.999	0.595	0.821	1.920	2.226	Infant100	data
432810.361	432867.018	59.913	477.366	787.876	0.000	0.000	0.999	0.253	0.102	0.573	0.345	Infant100	data
432943.634	433090.302	150.021	880.052	150.906	0.000	0.022	0.999	0.598	2.477	2.331	3.095	Infant100	data
435739.959	435996.511	259.902	917.601	421.864	1.000	0.244	0.999	0.701	0.861	1.249	3.913	Infant100	data
436013.177	436586.421	576.583	894.387	444.750	0.000	0.006	0.999	0.648	1.445	2.487	3.481	Infant100	data
436626.486	436709.808	86.592	816.690	399.095	1.000	0.115	0.999	1.393	3.797	2.486	2.838	Infant100	data
436723.132	436846.419	126.650	865.650	437.241	0.000	0.000	0.999	0.699	1.042	1.802	1.882	Infant100	data
436869.712	437033.093	166.650	716.085	506.335	1.000	0.000	0.999	0.708	0.973	1.197	3.215	Infant100	data
438926.101	439032.767	109.978	1105.200	455.394	1.000	0.000	0.999	0.431	0.754	1.000	1.614	Infant100	data
439052.753	439246.046	196.633	921.806	444.525	0.000	0.305	0.999	0.813	1.903	2.522	3.095	Infant100	data
441789.071	441982.350	196.637	1129.646	275.498	1.000	0.000	0.999	0.538	0.660	1.102	2.101	Infant100	data
442012.363	442208.981	199.995	1487.458	200.202	0.000	0.117	0.999	1.445	2.937	2.956	3.493	Infant100	data
442228.941	442415.597	190.015	1457.748	227.496	0.000	0.000	0.999	0.434	0.531	1.293	1.360	Infant100	data
442448.969	443295.533	849.822	914.687	439.126	0.000	0.004	0.999	0.751	1.285	2.125	3.587	Infant100	data
443332.136	443445.468	116.693	1406.971	754.616	1.000	0.000	0.999	1.161	2.535	2.435	2.836	Infant100	data
444691.925	444911.972	223.292	387.564	180.697	0.000	0.030	0.999	0.744	1.256	1.844	2.340	Infant100	data
445428.505	445628.492	203.353	610.300	219.923	1.000	0.262	0.999	0.493	0.698	1.106	1.697	Infant100	data
445655.149	446161.713	509.915	597.206	212.992	1.000	0.359	0.999	0.586	1.038	1.724	2.792	Infant100	data
446188.368	446411.750	226.632	942.863	323.118	0.000	0.059	0.999	1.116	4.550	7.091	2.246	Infant100	data
446428.346	446598.305	173.323	937.709	361.411	0.000	0.250	0.999	0.904	2.000	2.993	2.382	Infant100	data
446611.652	446764.948	156.638	941.964	388.025	0.000	0.617	0.999	1.651	3.497	3.998	2.572	Infant100	data
447014.975	447311.619	299.886	923.842	411.426	0.000	0.289	0.999	1.064	2.649	2.695	2.133	Infant100	data
447338.269	447388.206	53.296	490.542	983.983	1.000	0.188	0.999	6.035	63.784	6.261	19.538	Infant100	data
448004.782	448368.036	366.597	867.358	870.828	1.000	0.345	0.999	2.196	11.955	7.092	8.999	Infant100	data
450221.153	450337.756	119.957	358.751	211.786	1.000	0.139	0.999	4.148	21.833	22.596	5.372	Infant100	data
450371.106	451300.983	933.237	895.509	372.657	0.000	0.075	0.999	1.276	3.937	4.381	6.291	Infant100	data
451327.631	451524.271	199.998	1401.404	762.402	0.000	0.083	0.999	1.583	6.681	4.000	4.522	Infant100	data
451540.957	452300.843	763.244	1449.466	873.144	0.000	0.000	0.999	1.034	2.380	2.602	6.171	Infant100	data
452370.831	452577.450	209.963	698.867	235.582	0.000	0.000	0.999	0.479	0.527	1.122	1.999	Infant100	data
453124.028	453320.751	199.983	641.176	169.159	1.000	0.000	0.999	0.571	0.631	0.997	2.497	Infant100	data
453334.075	453673.962	343.218	617.517	194.276	1.000	0.058	0.999	0.551	0.615	1.441	1.982	Infant100	data
453930.595	454013.915	86.670	613.923	200.791	1.000	0.423	0.999	0.455	0.593	0.547	1.702	Infant100	data
454097.222	454287.243	193.385	395.804	252.105	1.000	0.017	0.999	1.030	3.533	4.479	3.221	Infant100	data
454337.191	454410.531	76.705	440.594	401.940	1.000	0.348	0.999	0.723	1.074	0.965	2.213	Infant100	data
454557.229	454637.185	83.310	941.168	358.401	1.000	0.200	0.999	1.174	3.546	3.170	3.679	Infant100	data
454760.474	454873.801	116.685	1110.097	428.572	1.000	0.000	0.999	0.852	1.537	2.006	2.314	Infant100	data
454897.201	455377.029	483.192	904.010	449.477	0.000	0.007	0.999	0.873	1.827	2.928	4.812	Infant100	data
455413.760	455590.352	179.954	687.924	814.733	1.000	0.056	0.999	1.904	2.963	1.549	6.855	Infant100	data
455620.363	456140.289	523.284	383.001	878.428	0.000	0.013	0.999	0.652	0.745	1.520	3.347	Infant100	data
456196.944	457066.803	873.225	367.029	132.576	1.000	0.000	0.999	0.510	1.170	1.849	3.538	Infant100	data
457076.882	457353.458	279.951	376.057	176.641	0.000	0.000	0.999	0.470	0.716	1.602	2.664	Infant100	data
457376.772	457530.078	156.651	377.676	281.843	0.000	0.000	0.999	0.483	0.484	1.319	1.257	Infant100	data
457550.110	457840.036	293.275	376.310	226.537	0.000	0.000	0.999	0.561	0.595	1.532	1.562	Infant100	data
457903.406	458093.338	193.277	1221.391	302.722	0.000	0.293	0.999	0.807	1.552	2.235	2.662	Infant100	data
458123.330	458376.626	256.659	1396.087	220.174	0.000	0.000	0.999	0.430	0.596	1.392	1.610	Infant100	data
458410.004	459249.846	843.201	922.334	426.072	0.000	0.012	0.999	1.013	2.628	3.479	4.251	Infant100	data
464562.399	464645.789	86.667	236.181	770.344	1.000	0.192	0.999	1.034	1.046	1.334	3.024	Infant100	data
464715.779	464915.696	203.259	240.233	722.273	1.000	0.016	0.999	1.054	2.025	1.623	3.785	Infant100	data
464985.667	465462.343	479.938	1002.021	393.254	0.000	0.021	0.999	0.853	1.861	3.656	3.979	Infant100	data
469874.997	470331.665	459.926	946.888	430.875	0.000	0.145	0.999	1.201	3.148	3.039	4.198	Infant100	data
470668.264	471491.425	826.516	932.186	477.567	1.000	0.181	0.999	1.174	3.156	3.143	5.101	Infant100	data
474021.056	474167.721	150.028	464.336	249.473	1.000	0.022	0.999	0.703	1.638	1.861	2.539	Infant100	data
474187.769	474470.960	286.554	380.031	255.964	0.000	0.000	0.999	0.468	0.566	1.281	1.902	Infant100	data
474500.987	474730.980	233.352	852.655	437.290	0.000	0.000	0.999	1.010	2.218	3.194	4.315	Infant100	data
474747.662	475330.861	586.552	935.641	441.257	0.000	0.068	0.999	1.097	3.251	3.538	4.441	Infant100	data
481896.639	482253.188	359.897	1357.143	745.586	1.000	0.204	0.999	1.744	6.093	3.511	4.941	Infant100	data
484132.979	484316.286	186.666	1503.414	188.043	0.000	0.000	0.999	0.512	0.497	1.239	1.255	Infant100	data
484322.889	484669.586	349.952	1476.526	203.328	1.000	0.000	0.999	0.310	0.377	1.148	1.266	Infant100	data
486952.513	487269.181	320.026	879.321	224.499	1.000	0.260	0.999	0.973	1.698	2.818	2.353	Infant100	data
488978.902	489232.215	256.650	1017.159	1083.575	1.000	0.026	0.999	0.730	1.324	2.084	2.589	Infant100	data
489262.223	489462.202	203.369	934.018	374.100	0.000	0.295	0.999	0.954	3.244	3.458	3.222	Infant100	data
